1	1	0
2	1	0
3	2	1
4	2	1
5	2	1
6	2	1
7	2	1
8	2	1
9	2	1
10	2	1
11	2	1
12	2	1
13	2	1
14	2	1
15	2	1
16	2	1
17	2	1
18	2	1
19	2	1
20	2	1
21	2	1
22	2	1
23	2	1
24	2	1
25	2	1
26	2	1
27	2	1
28	2	1
29	2	1
30	2	1
31	2	1
32	2	1
33	2	1
34	2	1
35	2	1
36	2	1
37	2	1
38	2	1
39	2	1
40	2	1
41	2	1
42	2	1
43	2	1
44	2	1
45	2	1
46	2	1
47	2	1
48	2	1
49	2	1
50	2	1
51	2	1
52	2	0
53	2	1
54	2	1
55	2	1
56	2	1
57	2	1
58	2	1
59	2	1
60	2	1
61	2	1
62	2	1
63	2	1
64	2	1
65	2	0
66	2	1
67	2	0
68	2	1
69	2	1
70	2	1
71	2	1
72	2	1
73	2	1
74	2	1
75	2	1
76	2	0
77	2	0
78	2	0
79	2	0
80	2	0
81	2	0
82	2	0
83	2	0
84	2	0
85	2	0
86	2	0
87	2	1
88	2	1
89	2	1
90	2	1
91	2	1
92	2	1
93	2	1
94	2	0
95	2	0
96	2	0
97	2	0
98	2	0
99	2	0
100	2	0
101	2	1
102	2	1
103	2	0
104	2	1
105	2	1
106	2	1
107	2	1
108	2	1
109	2	1
110	2	1
111	2	1
112	2	1
113	2	1
114	2	1
115	2	1
116	2	1
117	2	1
118	2	1
119	2	1
120	2	1
121	2	1
122	2	1
123	2	0
124	2	1
125	2	1
126	2	1
127	2	1
128	2	1
129	2	1
130	2	1
131	2	1
132	2	1
133	2	0
134	2	0
135	2	1
136	2	1
137	2	1
138	2	0
139	2	0
140	2	1
141	2	0
142	2	0
143	2	1
144	2	0
145	2	0
146	2	0
147	2	1
148	2	1
149	2	1
150	2	1
151	2	1
152	2	0
153	2	1
154	2	1
155	2	1
156	2	1
157	2	0
158	2	0
159	2	0
160	2	0
161	2	1
162	2	1
163	2	1
164	2	0
165	2	1
166	2	1
167	2	1
168	2	1
169	2	1
170	2	1
171	2	1
172	2	0
173	2	1
174	2	1
175	2	1
176	2	1
177	2	1
178	2	1
179	2	1
180	2	1
181	2	1
182	2	1
183	2	1
184	2	1
185	2	0
186	2	1
187	2	1
188	2	1
189	2	1
190	2	1
191	2	1
192	2	1
193	2	1
194	2	1
195	2	1
196	2	1
197	2	1
198	2	1
199	2	1
200	2	1
201	2	1
202	2	1
203	2	1
204	2	1
205	2	1
206	2	1
207	2	1
208	2	1
209	2	1
210	2	1
211	2	1
212	2	1
213	2	1
214	2	1
215	2	1
216	2	1
217	2	1
218	2	1
219	2	0
220	2	1
221	2	1
222	2	1
223	2	1
224	2	0
225	2	0
226	2	1
227	2	1
228	2	1
229	2	1
230	2	1
231	2	1
232	2	1
233	2	1
234	2	1
235	2	0
236	2	0
237	2	0
238	2	0
239	2	0
240	2	0
241	2	0
242	2	1
243	2	0
244	2	0
245	2	0
246	2	0
247	2	1
248	3	0
249	3	0
250	3	1
251	3	1
252	3	1
253	3	1
254	3	0
255	3	1
256	3	1
257	3	1
258	3	1
259	3	0
260	3	0
261	3	0
262	3	0
263	3	0
264	3	0
265	3	1
266	3	1
267	3	1
268	3	1
269	3	1
270	3	1
271	3	1
272	4	1
273	4	0
274	4	1
275	4	0
276	4	0
277	4	0
278	4	0
279	4	0
280	4	0
281	4	1
282	4	0
283	4	0
284	4	0
285	4	0
286	4	0
287	4	0
288	4	0
289	4	0
290	4	0
291	4	0
292	4	0
293	4	0
294	4	0
295	4	0
296	4	1
297	4	0
298	4	0
299	4	0
300	4	0
301	4	0
302	4	1
303	4	0
304	4	0
305	4	0
306	4	0
307	4	0
308	4	0
309	4	0
310	4	0
311	4	1
312	4	1
313	4	0
314	4	1
315	4	1
316	4	1
317	4	0
318	4	0
319	4	0
320	4	0
321	4	0
322	4	0
323	4	0
324	4	1
325	4	0
326	4	0
327	4	1
328	4	1
329	4	1
330	4	1
331	4	0
332	4	1
333	4	0
334	4	0
335	4	0
336	4	1
337	4	0
338	4	0
339	4	0
340	4	1
341	4	1
342	4	1
343	4	1
344	4	1
345	4	1
346	4	1
347	4	0
348	4	0
349	4	1
350	4	0
351	4	0
352	4	0
353	4	0
354	4	0
355	4	0
356	4	0
357	4	0
358	4	0
359	4	0
360	4	0
361	4	0
362	4	0
363	4	0
364	4	0
365	4	0
366	4	0
367	4	0
368	4	0
369	4	0
370	4	1
371	4	0
372	4	1
373	4	0
374	4	0
375	4	0
376	4	0
377	4	0
378	4	0
379	4	0
380	4	0
381	4	1
382	4	0
383	4	1
384	4	0
385	4	0
386	4	0
387	4	0
388	4	0
389	4	0
390	4	0
391	4	1
392	4	1
393	4	0
394	4	0
395	4	0
396	4	0
397	4	0
398	4	0
399	4	0
400	4	0
401	4	0
402	4	0
403	4	0
404	4	0
405	4	0
406	4	0
407	4	0
408	4	0
409	4	0
410	4	0
411	4	0
412	4	0
413	4	0
414	4	0
415	4	0
416	4	0
417	4	0
418	4	0
419	4	0
420	4	0
421	4	0
422	4	0
423	4	0
424	4	0
425	4	0
426	4	0
427	4	0
428	4	0
429	4	0
430	4	0
431	4	0
432	4	0
433	4	0
434	4	0
435	4	0
436	4	0
437	4	0
438	4	0
439	5	1
440	5	1
441	5	1
442	5	1
443	5	1
444	5	1
445	5	1
446	6	1
447	6	1
448	6	1
449	6	1
450	6	1
451	6	1
452	6	1
453	6	1
454	6	1
455	6	1
456	6	1
457	6	1
458	6	1
459	6	1
460	6	1
461	6	1
462	6	1
463	6	1
464	6	1
465	6	1
466	6	1
467	6	1
468	6	1
469	7	1
470	7	1
471	7	1
472	7	1
473	7	1
474	7	1
475	7	1
476	7	1
477	7	1
478	7	1
479	7	1
480	7	1
481	7	1
482	7	1
483	7	1
484	7	1
485	7	1
486	7	1
487	7	1
488	7	1
489	7	1
490	7	1
491	7	1
492	7	1
493	7	1
494	7	1
495	7	1
496	7	1
497	7	1
498	7	1
499	7	1
500	7	1
501	7	1
502	7	1
503	7	1
504	7	1
505	7	1
506	7	1
507	7	1
508	7	1
509	7	1
510	7	1
511	7	1
512	7	1
513	7	1
514	7	1
515	7	1
516	7	1
517	7	1
518	7	1
519	7	1
520	7	1
521	7	1
522	7	1
523	7	1
524	7	1
525	7	1
526	7	1
527	7	1
528	7	1
529	7	1
530	7	1
531	7	1
532	7	1
533	7	1
534	7	1
535	7	1
536	7	1
537	7	1
538	7	1
539	7	1
540	7	1
541	7	1
542	7	1
543	7	1
544	7	1
545	7	1
546	7	1
547	7	1
548	7	1
549	7	1
550	7	1
551	7	1
552	7	1
553	7	1
554	7	1
555	7	1
556	7	1
557	7	0
558	7	1
559	7	1
560	7	1
561	7	1
562	7	1
563	7	1
564	7	1
565	7	1
566	7	1
567	7	1
568	7	1
569	7	1
570	7	1
571	7	1
572	7	1
573	7	1
574	7	0
575	7	0
576	7	1
577	7	0
578	7	1
579	7	1
580	7	1
581	7	0
582	7	1
583	7	0
584	7	1
585	7	0
586	7	1
587	7	0
588	7	1
589	7	1
590	7	1
591	7	1
592	7	1
593	7	1
594	7	1
595	7	1
596	7	1
597	7	1
598	7	0
599	7	0
600	7	1
601	7	1
602	7	1
603	7	1
604	7	1
605	7	1
606	7	1
607	7	1
608	7	1
609	7	1
610	7	1
611	7	1
612	7	1
613	7	1
614	7	1
615	7	0
616	7	1
617	7	1
618	7	1
619	7	1
620	7	1
621	7	1
622	7	1
623	7	1
624	7	1
625	7	1
626	7	1
627	7	1
628	7	1
629	7	1
630	7	1
631	7	1
632	7	1
633	7	1
634	7	1
635	7	1
636	7	1
637	7	1
638	7	1
639	7	1
640	7	0
641	7	1
642	7	1
643	7	0
644	7	1
645	7	1
646	7	1
647	7	0
648	7	0
649	7	0
650	7	1
651	7	1
652	7	1
653	7	1
654	7	0
655	7	0
656	7	1
657	7	0
658	7	0
659	7	0
660	7	1
661	7	1
662	7	1
663	7	1
664	7	1
665	7	1
666	7	1
667	7	0
668	7	0
669	7	1
670	7	1
671	7	1
672	7	1
673	7	1
674	7	1
675	7	1
676	7	1
677	7	0
678	7	0
679	7	0
680	7	1
681	7	1
682	7	1
683	7	0
684	7	0
685	7	0
686	7	0
687	7	1
688	7	1
689	7	1
690	7	1
691	7	1
692	7	1
693	7	0
694	7	1
695	7	1
696	7	1
697	7	1
698	7	1
699	7	1
700	7	1
701	7	1
702	7	1
703	7	1
704	7	0
705	7	1
706	7	0
707	7	1
708	7	0
709	7	1
710	7	1
711	7	0
712	7	0
713	7	1
714	7	0
715	7	0
716	7	0
717	7	0
718	7	1
719	7	1
720	7	1
721	7	1
722	7	1
723	7	1
724	7	1
725	7	1
726	7	1
727	7	1
728	7	1
729	7	1
730	7	1
731	7	1
732	7	1
733	7	1
734	7	1
735	7	0
736	7	1
737	7	1
738	7	1
739	7	1
740	7	1
741	7	1
742	7	1
743	7	1
744	7	1
745	7	1
746	7	1
747	7	1
748	7	1
749	7	0
750	7	0
751	7	1
752	7	1
753	7	1
754	7	0
755	7	1
756	7	1
757	7	0
758	7	1
759	7	0
760	7	0
761	7	0
762	7	1
763	7	1
764	7	1
765	7	1
766	7	1
767	7	1
768	7	1
769	7	0
770	7	1
771	7	0
772	7	1
773	7	1
774	7	1
775	7	1
776	7	1
777	7	1
778	7	1
779	7	1
780	7	1
781	7	1
782	7	1
783	7	1
784	7	1
785	7	1
786	7	1
787	7	1
788	7	1
789	7	1
790	7	1
791	7	1
792	7	1
793	7	1
794	7	1
795	7	1
796	7	1
797	7	1
798	7	1
799	7	1
800	7	0
801	7	1
802	7	1
803	7	1
804	7	0
805	7	1
806	7	1
807	7	1
808	7	1
809	7	1
810	7	1
811	7	1
812	7	1
813	7	0
814	7	1
815	7	1
816	7	1
817	7	0
818	7	0
819	7	1
820	7	0
821	7	1
822	7	1
823	7	1
824	7	1
825	7	1
826	7	1
827	7	1
828	7	1
829	7	1
830	7	1
831	7	1
832	7	1
833	7	1
834	7	1
835	7	1
836	7	1
837	7	1
838	7	1
839	7	1
840	7	1
841	7	1
842	7	1
843	7	1
844	7	1
845	7	1
846	7	1
847	7	1
848	7	1
849	7	1
850	7	1
851	7	1
852	7	1
853	7	1
854	7	1
855	7	1
856	7	1
857	7	1
858	7	0
859	7	0
860	7	0
861	7	0
862	7	0
863	7	0
864	7	1
865	7	1
866	7	1
867	7	1
868	7	1
869	7	0
870	7	0
871	7	0
872	7	1
873	7	0
874	7	0
875	7	0
876	7	1
877	7	0
878	7	0
879	7	0
880	7	0
881	7	0
882	7	0
883	7	0
884	7	0
885	7	0
886	7	0
887	7	0
888	7	0
889	7	0
890	7	1
891	7	1
892	7	1
893	7	1
894	7	1
895	7	1
896	7	1
897	7	1
898	7	1
899	7	1
900	7	1
901	7	1
902	7	1
903	7	1
904	7	1
905	7	1
906	7	1
907	7	1
908	7	1
909	7	1
910	7	1
911	7	1
912	7	1
913	7	1
914	7	1
915	7	1
916	7	1
917	7	1
918	7	1
919	7	1
920	7	1
921	7	1
922	7	1
923	7	1
924	7	1
925	7	1
926	7	1
927	7	1
928	7	1
929	7	1
930	7	1
931	7	1
932	7	1
933	7	1
934	7	1
935	7	1
936	7	1
937	7	1
938	7	1
939	7	1
940	7	1
941	7	1
942	7	1
943	7	1
468	7	1
944	7	1
945	7	1
946	7	1
947	7	1
948	7	1
949	7	1
950	7	1
951	7	1
952	7	1
953	7	1
954	7	1
955	7	1
956	7	1
957	7	1
958	7	1
959	7	1
960	7	1
961	7	1
962	7	1
963	7	1
964	7	1
965	7	1
966	7	1
967	7	1
968	7	1
969	7	1
970	7	1
971	7	1
972	7	1
973	7	1
974	7	1
975	7	1
976	7	1
977	7	1
978	7	0
979	7	0
980	7	0
981	7	0
982	7	0
983	7	0
984	7	0
985	7	0
986	7	0
987	7	0
988	7	0
989	7	0
990	7	0
991	7	0
992	7	1
993	7	0
994	7	0
995	7	0
996	7	0
997	7	0
998	7	0
999	7	0
1000	7	0
1001	7	0
1002	7	0
1003	7	0
1004	7	0
1005	7	0
1006	7	0
1007	7	1
1008	7	1
1009	7	1
1010	7	1
1011	7	1
1012	7	1
1013	7	0
1014	7	0
1015	7	0
1016	7	0
1017	7	1
1018	7	1
1019	7	1
1020	7	1
1021	7	1
1022	7	1
1023	7	1
1024	7	0
1025	7	0
1026	7	1
1027	7	1
1028	7	1
1029	7	1
1030	7	1
1031	7	1
1032	7	1
1033	7	1
1034	7	1
1035	7	1
1036	7	1
1037	7	1
1038	7	1
1039	7	1
1040	7	1
1041	7	1
1042	7	1
1043	7	0
1044	7	0
1045	7	0
1046	7	0
1047	7	1
1048	7	0
1049	7	1
1050	7	1
1051	7	1
1052	7	1
1053	7	1
1054	7	1
1055	7	0
1056	7	0
1057	7	0
1058	7	0
1059	7	1
1060	7	1
1061	7	1
1062	7	1
1063	7	1
1064	7	1
1065	7	1
1066	7	1
1067	7	0
1068	7	1
1069	7	1
1070	7	0
1071	7	1
1072	7	0
1073	7	1
1074	7	0
1075	7	0
1076	7	1
1077	7	1
1078	7	1
1079	7	1
1080	7	1
1081	7	1
1082	7	1
1083	7	0
1084	7	1
1085	7	1
1086	7	1
1087	7	1
1088	7	1
1089	7	1
1090	7	1
1091	7	0
1092	7	1
1093	7	0
1094	7	0
1095	7	0
1096	7	1
1097	7	1
1098	7	1
1099	7	1
1100	7	1
1101	7	0
1102	7	0
1103	7	0
1104	7	0
1105	7	0
1106	7	0
1107	7	0
1108	7	0
1109	7	0
1110	7	0
1111	7	0
1112	7	0
1113	7	0
1114	7	0
1115	7	0
1116	7	0
1117	7	0
1118	7	0
1119	7	0
1120	7	0
1121	7	0
1122	7	0
1123	7	0
1124	7	0
1125	7	0
1126	7	0
1127	7	0
1128	7	0
1129	7	0
1130	7	0
1131	7	0
1132	7	0
1133	7	0
1134	7	0
1135	7	0
1136	7	0
1137	7	0
1138	7	0
1139	7	0
1140	7	0
1141	7	0
1142	7	0
1143	7	0
1144	7	0
1145	7	0
1146	7	0
1147	7	0
1148	7	0
1149	7	0
1150	7	0
1151	7	0
1152	7	0
1153	7	0
1154	7	0
1155	7	1
1156	7	1
1157	7	1
1158	7	1
1159	7	1
1160	7	1
1161	7	1
1162	7	1
1163	7	0
1164	7	0
1165	7	0
1166	7	0
1167	7	0
1168	7	0
1169	7	0
1170	7	0
1171	7	0
1172	7	1
1173	7	1
1174	7	1
1175	7	1
1176	7	1
1177	7	1
1178	7	1
1179	7	1
1180	7	1
1181	7	1
1182	7	1
1183	7	1
1184	7	1
1185	7	1
1186	7	1
1187	7	1
1188	7	1
1189	7	1
1190	7	1
1191	7	1
1192	7	0
1193	7	1
1194	7	0
1195	7	1
1196	7	0
1197	7	1
1198	7	1
1199	7	0
1200	7	1
1201	7	1
1202	7	1
1203	7	1
1204	7	1
1205	7	1
1206	7	1
1207	7	1
1208	7	1
1209	7	1
1210	7	1
1211	7	1
1212	7	1
1213	7	1
1214	7	0
1215	7	0
1216	7	0
1217	7	1
1218	7	1
1219	7	1
1220	7	1
1221	7	1
1222	7	1
1223	7	1
1224	7	0
1225	7	1
1226	7	1
1227	7	1
1228	7	1
1229	7	1
1230	7	1
1231	7	1
1232	7	1
1233	7	0
1234	7	1
1235	7	1
1236	7	1
1237	7	1
1238	7	0
1239	7	0
1240	7	1
1241	7	1
1242	7	1
1243	7	1
1244	7	1
1245	7	1
1246	7	1
1247	7	1
1248	7	1
1249	7	1
1250	7	1
1251	7	1
1252	7	1
1253	7	1
1254	7	1
1255	7	1
1256	7	1
1257	7	1
1258	7	1
1259	7	1
1260	7	1
1261	7	1
1262	7	1
1263	7	1
1264	7	1
1265	7	1
1266	7	0
1267	7	0
1268	7	0
1269	7	0
1270	7	0
1271	7	0
1272	7	0
1273	7	0
1274	7	0
1275	7	0
1276	7	0
1277	7	0
1278	7	0
1279	7	1
1280	7	1
1281	7	1
1282	7	1
1283	7	1
1284	7	1
1285	7	1
1286	7	1
1287	7	0
1288	7	1
1289	7	1
1290	7	0
1291	7	1
1292	7	1
1293	7	1
1294	7	1
1295	7	1
1296	7	1
1297	7	1
1298	7	1
1299	7	1
1300	7	0
1301	7	0
1302	7	1
1303	7	1
1304	7	1
1305	7	1
1306	7	1
1307	7	1
1308	7	1
1309	7	1
1310	7	1
1311	7	1
1312	7	1
1313	7	1
1314	7	1
1315	7	1
1316	7	1
1317	7	1
1318	7	1
1319	7	1
1320	7	1
1321	7	1
1322	7	1
1323	7	1
1324	7	1
1325	7	1
1326	7	1
1327	7	1
1328	7	1
1329	7	1
1330	7	1
1331	7	1
1332	7	0
1333	7	1
1334	7	1
1335	7	1
1336	7	1
1337	7	0
1338	7	1
1339	7	1
1340	7	0
1341	7	0
1342	7	0
1343	7	1
1344	7	1
1345	7	1
1346	7	0
1347	7	0
1348	7	0
1349	7	0
1350	7	0
1351	7	0
1352	7	0
1353	7	0
1354	7	0
1355	7	0
1356	7	0
1357	7	0
1358	7	0
1359	7	0
1360	7	0
1361	7	0
1362	7	0
1363	7	0
1364	7	0
1365	7	0
1366	7	1
1367	7	1
1368	7	1
1369	7	1
1370	7	1
1371	7	1
1372	7	1
1373	7	1
1374	7	1
1375	7	1
1376	7	1
1377	7	1
1378	7	1
1379	7	1
1380	7	1
1381	7	1
1382	7	1
1383	7	0
1384	7	0
1385	7	1
1386	7	0
1387	7	0
1388	7	0
1389	7	0
1390	7	0
1391	7	0
1392	7	0
1393	7	0
1394	7	0
1395	7	0
1396	7	0
1397	7	1
1398	7	1
1399	7	1
1400	7	1
1401	7	1
1402	7	1
1403	7	1
1404	7	1
1405	7	1
1406	7	1
1407	7	1
1408	7	1
1409	7	1
1410	7	1
1411	7	1
1412	7	1
1413	7	1
1414	7	1
1415	7	1
1416	7	1
1417	7	1
1418	7	1
1419	7	1
1420	7	1
1421	7	1
1422	7	1
1423	7	1
1424	7	1
1425	7	1
1426	7	1
1427	7	1
1428	7	1
1429	7	1
1430	7	1
1431	7	0
1432	7	0
1433	7	0
1434	7	0
1435	7	0
1436	7	1
1437	7	1
1438	7	1
1439	7	1
1440	7	1
1441	7	1
1442	7	1
1443	7	1
1444	7	1
1445	7	1
1446	7	1
1447	7	1
1448	7	1
1449	7	1
1450	7	1
1451	7	1
1452	7	1
1453	7	1
1454	7	1
1455	7	1
1456	7	1
1457	7	1
1458	7	1
1459	7	1
1460	7	1
1461	7	0
1462	7	1
1463	7	1
1464	7	1
1465	7	1
1466	7	1
1467	7	1
1468	7	1
1469	7	1
1470	7	1
1471	7	1
1472	7	1
1473	7	1
1474	7	1
1475	7	1
1476	7	1
1477	7	1
1478	7	1
1479	7	1
1480	7	1
1481	7	1
1482	7	0
1483	7	0
1484	7	1
1485	7	1
1486	7	1
1487	7	0
1488	7	1
1489	7	1
1490	7	0
1491	7	1
1492	7	0
1493	7	1
1494	7	1
1495	7	0
1496	7	0
1497	7	0
1498	7	0
1499	7	0
1500	7	0
1501	7	0
1502	7	0
1503	7	0
1504	7	1
1505	7	0
1506	7	0
1507	7	0
1508	7	0
1509	7	1
1510	7	0
1511	7	1
1512	7	1
1513	7	1
1514	7	1
1515	7	1
1516	7	1
1517	7	1
1518	7	1
1519	7	0
1520	7	0
1521	7	0
1522	7	0
1523	7	0
1524	7	0
1525	7	0
1526	7	1
1527	7	0
1528	7	0
1529	7	0
1530	7	0
1531	7	0
1532	7	0
1533	7	0
1534	7	0
1535	7	0
1536	7	0
1537	7	0
1538	7	0
1539	7	1
1540	7	1
1541	7	1
1542	7	1
1543	7	1
1544	7	1
1545	7	1
1546	7	1
1547	7	1
1548	7	1
1549	7	1
1550	7	1
1551	7	1
1552	7	1
1553	7	1
1554	7	1
1555	7	1
1556	7	1
1557	7	1
1558	7	1
1559	7	1
1560	7	1
1561	7	1
1562	7	1
1563	7	1
1564	7	1
1565	7	1
1566	7	1
1567	7	1
1568	7	1
1569	7	1
1570	7	1
1571	7	1
1572	7	0
1573	7	0
1574	7	0
1575	7	1
1576	7	1
1577	7	1
1578	7	1
1579	7	1
1580	7	1
1581	7	1
1582	7	1
1583	7	1
1584	7	1
1585	7	1
1586	7	1
1587	7	1
1588	7	1
1589	7	1
1590	7	1
1591	7	1
1592	7	1
1593	7	1
1594	7	1
1595	7	1
1596	7	1
1597	7	1
1598	7	1
1599	7	1
1600	7	1
1601	7	1
1602	7	1
1603	7	1
1604	7	1
1605	7	1
1606	7	0
1607	7	0
1608	7	0
1609	7	0
1610	7	1
1611	7	1
1612	7	1
1613	7	1
1614	7	1
1615	7	1
1616	7	1
1617	7	1
1618	7	1
1619	7	1
1620	7	1
1621	7	1
1622	7	1
1623	7	1
1624	7	0
1625	7	0
1626	7	1
1627	7	1
1628	7	0
1629	7	1
1630	7	1
1631	7	1
1632	7	1
1633	7	0
1634	7	0
1635	7	0
1636	7	0
1637	7	0
1638	7	0
1639	7	0
1640	7	0
1641	7	0
1642	7	0
1643	7	0
1644	7	0
1645	7	0
1646	7	0
1647	7	0
1648	7	0
1649	7	0
1650	7	0
1651	7	0
1652	7	0
1653	7	0
1654	7	1
1655	7	1
1656	7	1
1657	7	1
1658	7	1
1659	7	1
1660	7	1
1661	7	1
1662	7	1
1663	7	1
1664	7	1
1665	7	1
1666	7	1
1667	7	1
1668	7	1
1669	7	1
1670	7	1
1671	7	1
1672	7	1
1673	7	0
1674	7	1
1675	7	1
1676	7	1
1677	7	1
1678	7	1
1679	7	1
1680	7	1
1681	7	1
1682	7	1
1683	7	1
1684	7	1
1685	7	1
1686	7	1
1687	7	1
1688	7	1
1689	7	1
1690	7	1
1691	7	0
1692	7	0
1693	7	1
1694	7	1
1695	7	1
1696	7	1
1697	7	0
1698	7	0
1699	7	0
1700	7	1
1701	7	1
1702	7	0
1703	7	0
1704	7	0
1705	7	0
1706	7	0
1707	7	0
1708	7	0
1709	7	0
1710	7	0
1711	7	0
1712	7	0
1713	7	0
1714	7	0
1715	7	1
1716	7	0
1717	7	0
1718	7	0
1719	7	1
1720	7	1
1721	7	0
1722	7	0
1723	7	0
1724	7	0
1725	7	0
1726	7	0
1727	7	0
1728	7	1
1729	7	1
1730	7	1
1731	7	1
1732	7	1
1733	7	1
1734	7	0
1735	7	0
1736	7	0
1737	7	0
1738	7	1
650	8	1
605	8	1
907	8	1
651	8	1
528	8	1
1101	8	1
948	8	1
887	8	1
583	8	1
935	8	1
507	8	1
1091	8	0
1092	8	1
1068	8	1
600	8	1
610	8	1
603	8	1
904	8	1
942	8	1
1240	8	1
1239	8	0
1238	8	0
652	8	1
897	8	1
733	8	1
598	8	1
729	8	1
587	8	1
585	8	1
595	8	1
597	8	1
591	8	1
960	8	1
952	8	1
924	8	1
590	8	1
732	8	1
606	8	1
903	8	1
588	8	1
582	8	1
653	8	1
1715	8	1
906	8	1
584	8	1
905	8	1
612	8	1
951	8	1
608	8	1
593	8	1
947	8	1
601	8	1
616	8	1
922	8	1
596	8	1
899	8	1
896	8	1
946	8	1
917	8	1
898	8	1
594	8	1
589	8	1
581	8	1
926	8	1
959	8	1
602	8	1
599	8	1
881	8	1
938	8	1
890	8	1
285	8	1
592	8	1
928	8	1
900	8	1
925	8	1
802	8	1
804	8	1
941	8	1
911	8	1
945	8	1
803	8	1
604	8	1
1693	8	1
438	8	1
507	9	1
960	9	1
528	9	1
647	9	1
778	9	1
779	9	1
789	9	1
805	9	1
806	9	1
807	9	1
808	9	1
809	9	1
810	9	1
811	9	1
812	9	1
813	9	1
814	9	1
815	9	1
816	9	1
817	9	1
818	9	1
819	9	1
820	9	1
821	9	1
822	9	1
823	9	1
824	9	1
825	9	1
826	9	1
827	9	1
828	9	1
829	9	1
830	9	1
831	9	1
832	9	1
833	9	1
834	9	1
835	9	1
836	9	1
837	9	1
838	9	1
839	9	1
840	9	1
841	9	1
842	9	1
843	9	1
844	9	1
845	9	1
846	9	1
847	9	1
848	9	1
849	9	1
1562	9	1
1339	9	0
605	9	1
1715	9	1
958	9	1
1019	9	1
1020	9	1
1018	9	1
1021	9	1
1023	9	1
1028	9	1
1030	9	1
1069	9	1
1070	9	1
1071	9	1
1072	9	1
1073	9	1
1074	9	1
1075	9	1
1076	9	1
1077	9	1
1078	9	1
1079	9	1
1080	9	1
1081	9	1
1082	9	1
1083	9	1
1084	9	1
1085	9	1
1086	9	1
1087	9	1
1088	9	1
1089	9	1
1118	9	0
1124	9	0
1125	9	0
1136	9	0
1137	9	0
1172	9	1
1173	9	1
1174	9	1
1175	9	1
1176	9	1
1177	9	1
1178	9	1
1179	9	1
1180	9	1
1181	9	1
1182	9	1
1183	9	1
1184	9	1
1224	9	1
1325	9	1
1326	9	1
1329	9	1
1365	9	1
1364	9	1
1363	9	1
1362	9	1
1361	9	1
1360	9	1
1359	9	1
1358	9	1
1357	9	1
1356	9	1
1355	9	1
1354	9	1
1353	9	1
1352	9	1
1351	9	1
1350	9	1
1349	9	1
1348	9	1
1347	9	1
1346	9	1
1345	9	1
1344	9	1
1366	9	1
1368	9	1
1370	9	1
1377	9	1
1379	9	1
1378	9	1
1380	9	1
1460	9	1
1461	9	1
1509	9	1
1563	9	1
1564	9	1
1569	9	1
1576	9	1
1577	9	1
1582	9	1
1585	9	1
1586	9	1
1589	9	1
1590	9	1
1591	9	1
1592	9	1
1593	9	1
1594	9	1
1595	9	1
1596	9	1
1597	9	1
1598	9	1
1599	9	1
1674	9	1
1675	9	1
1676	9	1
1677	9	1
1678	9	0
679	9	1
718	9	1
1653	9	1
1691	9	0
1692	9	0
789	10	1
581	10	1
928	10	1
650	10	1
900	10	1
946	10	1
897	10	1
896	10	1
904	10	1
585	10	1
606	10	1
1068	10	1
887	10	1
598	10	1
960	10	1
924	10	1
732	10	1
942	10	1
652	10	1
595	10	1
733	10	1
925	10	1
583	10	1
729	10	1
507	10	1
587	10	1
948	10	1
597	10	1
935	10	1
952	10	1
802	10	1
1715	10	1
947	10	1
601	10	1
926	10	1
804	10	1
941	10	1
588	10	1
911	10	1
582	10	1
945	10	1
600	10	1
653	10	1
803	10	1
906	10	1
604	10	1
584	10	1
905	10	1
612	10	1
951	10	1
608	10	1
881	10	1
610	10	1
616	10	1
603	10	1
907	10	1
592	10	1
528	10	1
1653	10	1
925	11	1
581	11	1
928	11	1
650	11	1
900	11	1
946	11	1
897	11	1
896	11	1
904	11	1
585	11	1
606	11	1
1068	11	1
887	11	1
598	11	1
960	11	1
924	11	1
732	11	1
942	11	1
652	11	1
595	11	1
733	11	1
583	11	1
729	11	1
507	11	1
587	11	1
948	11	1
597	11	1
935	11	1
952	11	1
802	11	1
1715	11	1
947	11	1
601	11	1
926	11	1
804	11	1
941	11	1
588	11	1
911	11	1
582	11	1
945	11	1
600	11	1
653	11	1
803	11	1
906	11	1
604	11	1
584	11	1
905	11	1
612	11	1
951	11	1
608	11	1
881	11	1
610	11	1
616	11	1
603	11	1
907	11	1
592	11	1
528	11	1
925	12	1
718	13	0
649	13	1
676	13	1
655	13	1
656	13	1
657	13	1
658	13	1
659	13	1
660	13	1
680	13	1
661	13	1
662	13	1
663	13	1
681	13	1
664	13	1
665	13	1
666	13	1
667	13	1
668	13	1
669	13	1
670	13	1
671	13	1
672	13	1
673	13	1
674	13	1
675	13	1
647	13	1
679	13	1
677	13	1
648	13	0
678	13	1
507	13	1
1562	13	0
528	13	1
650	13	1
651	13	1
585	13	1
652	13	1
653	13	1
683	13	1
684	13	1
685	13	1
686	13	0
1571	13	1
719	13	1
720	13	0
721	13	0
722	13	0
723	13	1
724	13	0
725	13	0
795	13	0
726	13	0
727	13	0
728	13	0
760	13	1
759	13	1
762	13	1
764	13	1
763	13	1
766	13	1
773	13	1
774	13	1
775	13	1
776	13	1
947	13	1
777	13	1
778	13	0
779	13	0
780	13	1
781	13	1
901	13	1
782	13	1
783	13	1
784	13	1
785	13	1
786	13	1
789	13	1
918	13	1
791	13	0
792	13	0
793	13	0
794	13	0
796	13	1
797	13	1
798	13	1
799	13	1
800	13	1
801	13	1
1573	13	0
1563	13	0
915	13	1
587	13	1
597	13	1
595	13	1
958	13	0
1027	13	0
959	13	1
1008	13	1
1010	13	0
1011	13	0
1012	13	0
1009	13	0
1007	13	0
1017	13	1
1019	13	1
1022	13	1
1018	13	1
1021	13	1
1023	13	1
1020	13	0
1030	13	0
1028	13	0
1326	13	0
1026	13	0
1029	13	0
1091	13	1
1092	13	1
1096	13	0
1097	13	0
1098	13	0
1099	13	0
1100	13	1
1118	13	0
1124	13	0
1125	13	0
1136	13	0
1137	13	0
1172	13	1
1173	13	1
1174	13	1
1175	13	1
1176	13	1
1177	13	1
1178	13	1
1179	13	1
1180	13	1
1182	13	1
1183	13	1
1184	13	1
1198	13	0
1197	13	0
1185	13	0
1186	13	0
1187	13	0
1188	13	0
1189	13	0
1190	13	0
1191	13	0
1192	13	0
1193	13	0
1194	13	1
1195	13	0
1196	13	1
1217	13	1
1218	13	1
1219	13	1
1220	13	1
1221	13	1
1222	13	1
1223	13	1
1225	13	0
1226	13	0
1227	13	0
1228	13	0
1229	13	0
1230	13	0
1231	13	0
1232	13	0
1233	13	0
1234	13	0
1235	13	0
1236	13	0
1237	13	0
1279	13	1
1280	13	1
1281	13	0
1282	13	1
1283	13	0
1284	13	0
1285	13	0
1286	13	0
1287	13	0
1288	13	1
1302	13	1
1322	13	0
1323	13	0
1324	13	0
1325	13	0
1327	13	0
1328	13	0
1329	13	0
1330	13	0
1333	13	1
1334	13	1
1335	13	0
1336	13	0
1339	13	0
1366	13	0
1367	13	0
1368	13	0
1369	13	1
1370	13	0
1371	13	1
1372	13	1
1373	13	1
1376	13	1
1377	13	1
1378	13	1
1379	13	1
1380	13	1
1437	13	1
1438	13	1
1436	13	1
1440	13	1
1458	13	1
1459	13	0
1460	13	1
1461	13	1
1462	13	0
1473	13	0
1472	13	1
1481	13	1
1572	13	0
1480	13	0
1479	13	0
1478	13	1
1477	13	1
1476	13	1
1475	13	0
1474	13	1
1471	13	1
1470	13	1
1469	13	1
1468	13	1
1467	13	1
1466	13	1
1465	13	1
1464	13	1
1463	13	1
1509	13	0
1564	13	1
1565	13	0
1566	13	0
1567	13	0
1568	13	0
1574	13	0
1569	13	0
1570	13	0
1575	13	0
1576	13	0
1577	13	0
1578	13	0
1579	13	0
1580	13	0
1581	13	0
1582	13	0
1583	13	0
1584	13	0
1585	13	0
1586	13	0
1587	13	0
1588	13	1
1589	13	0
1590	13	0
1591	13	0
1592	13	0
1593	13	0
1594	13	0
1595	13	0
1598	13	0
1599	13	0
1596	13	0
1597	13	0
1600	13	0
1601	13	1
1602	13	0
1603	13	0
1604	13	0
1605	13	0
1674	13	0
1675	13	1
1676	13	1
1677	13	1
1678	13	0
1687	13	0
1679	13	1
1680	13	1
1681	13	1
1684	13	1
1685	13	1
1686	13	1
1688	13	1
1689	13	1
1653	13	1
1691	13	0
1692	13	0
438	13	1
652	14	0
285	14	1
272	14	1
959	14	1
1016	14	1
948	14	1
406	14	0
272	15	1
652	15	0
406	15	0
603	16	0
1068	16	0
905	16	1
803	16	1
596	16	1
602	16	1
947	16	1
285	16	1
617	16	1
942	16	1
604	17	1
272	18	1
406	18	0
272	19	1
406	19	0
272	20	1
406	20	0
272	21	1
406	22	0
916	23	0
898	24	0
612	24	1
898	25	0
612	25	1
1018	26	1
596	26	1
904	26	1
896	26	1
602	26	1
907	26	1
596	27	1
946	27	1
602	27	1
907	27	1
610	27	1
581	28	0
803	28	1
898	28	0
612	28	0
596	28	1
941	28	0
602	28	1
907	28	1
581	29	1
924	29	0
926	29	0
803	29	0
906	29	0
898	29	0
612	29	1
596	29	1
941	29	0
602	29	1
583	29	1
528	29	0
907	29	1
938	29	0
610	29	1
397	29	1
581	30	1
926	30	1
803	30	0
906	30	0
898	30	0
612	30	1
941	30	0
938	30	1
592	30	1
610	30	1
397	30	1
610	31	0
608	31	0
941	32	0
613	32	0
881	32	0
610	32	0
608	32	1
922	32	1
614	32	0
581	33	1
924	33	1
803	33	1
898	33	1
596	33	1
941	33	0
881	33	0
587	33	1
610	33	0
602	33	1
907	33	1
614	33	0
960	34	1
947	34	1
918	34	0
918	35	1
960	36	1
960	37	1
960	38	1
960	39	1
406	40	0
406	41	0
446	42	1
447	42	1
448	42	1
449	42	0
450	42	1
451	42	1
452	42	1
453	42	1
454	42	1
455	42	1
456	42	1
457	42	1
458	42	1
459	42	1
460	42	1
285	43	1
947	43	1
406	43	0
947	44	0
1381	44	1
468	44	0
947	45	1
1381	45	1
468	45	1
1156	46	1
959	47	1
890	47	1
285	47	1
948	47	1
652	47	1
1715	47	0
584	47	1
1378	47	1
605	47	0
918	48	1
947	48	1
1101	48	1
406	49	0
1156	50	1
1156	51	1
947	51	1
604	52	1
907	52	1
1304	53	1
904	54	1
1156	55	0
941	55	1
1101	55	1
617	55	1
918	55	1
947	55	1
272	56	1
918	57	1
1286	58	1
3	59	1
4	59	1
5	59	1
6	59	1
7	59	1
8	59	1
9	59	1
10	59	1
11	59	1
12	59	1
13	59	1
14	59	1
15	59	1
16	59	1
17	59	1
18	59	1
19	59	1
20	59	1
21	59	1
22	59	1
23	59	1
24	59	1
25	59	1
26	59	1
27	59	1
28	59	1
29	59	1
30	59	1
31	59	1
32	59	1
33	59	1
34	59	1
35	59	1
36	59	1
37	59	1
38	59	1
39	59	1
40	59	1
41	59	1
42	59	1
43	59	1
44	59	1
45	59	1
46	59	1
47	59	1
48	59	1
49	59	1
50	59	1
51	59	1
52	59	0
53	59	1
54	59	1
55	59	1
56	59	1
57	59	1
58	59	1
59	59	1
60	59	1
61	59	1
62	59	1
63	59	1
64	59	1
65	59	0
66	59	1
67	59	0
68	59	1
69	59	1
70	59	1
71	59	1
72	59	1
73	59	1
74	59	1
75	59	1
76	59	0
77	59	0
78	59	0
79	59	0
80	59	0
81	59	0
82	59	0
83	59	0
84	59	0
85	59	0
86	59	0
87	59	1
88	59	1
89	59	1
90	59	1
91	59	1
92	59	1
93	59	1
94	59	0
95	59	0
96	59	0
97	59	0
98	59	0
99	59	0
100	59	0
101	59	1
102	59	1
103	59	0
104	59	1
105	59	1
106	59	1
107	59	1
108	59	1
109	59	1
110	59	1
111	59	1
112	59	1
113	59	1
114	59	1
115	59	1
116	59	1
117	59	1
118	59	1
119	59	1
120	59	1
121	59	1
122	59	1
123	59	0
124	59	1
125	59	1
126	59	1
127	59	1
128	59	1
129	59	1
130	59	1
131	59	1
132	59	1
133	59	0
134	59	0
135	59	1
136	59	1
137	59	1
138	59	0
139	59	0
140	59	1
141	59	0
142	59	0
143	59	1
144	59	0
145	59	0
146	59	0
147	59	1
148	59	1
149	59	1
150	59	1
151	59	1
152	59	0
153	59	1
154	59	1
155	59	1
156	59	1
157	59	0
158	59	0
159	59	0
160	59	0
161	59	1
162	59	1
163	59	1
164	59	0
165	59	1
166	59	1
167	59	1
168	59	1
169	59	1
170	59	1
171	59	1
172	59	0
173	59	1
174	59	1
175	59	1
176	59	1
177	59	1
178	59	1
179	59	1
180	59	1
181	59	1
182	59	1
183	59	1
184	59	1
185	59	0
186	59	1
187	59	1
188	59	1
189	59	1
190	59	1
191	59	1
192	59	1
193	59	1
194	59	1
195	59	1
196	59	1
197	59	1
198	59	1
199	59	1
200	59	1
201	59	1
202	59	1
203	59	1
204	59	1
205	59	1
206	59	1
207	59	1
208	59	1
209	59	1
210	59	1
211	59	1
212	59	1
213	59	1
214	59	1
215	59	1
216	59	1
217	59	1
218	59	1
219	59	0
220	59	1
221	59	1
222	59	1
223	59	1
224	59	0
225	59	0
226	59	1
227	59	1
228	59	1
229	59	1
230	59	1
231	59	1
232	59	1
233	59	1
234	59	1
235	59	0
236	59	0
237	59	0
238	59	0
239	59	0
240	59	0
241	59	0
242	59	1
243	59	0
244	59	0
245	59	0
246	59	0
247	59	1
3	60	1
88	60	1
89	60	1
90	60	1
123	60	0
272	61	1
959	62	1
890	62	1
285	62	1
948	62	0
652	62	1
1715	62	0
584	62	0
1378	62	1
605	62	0
594	63	0
272	64	1
597	65	1
595	65	1
610	65	1
947	66	0
285	66	0
406	66	0
3	67	1
90	67	1
3	68	1
1068	69	1
601	69	1
947	69	1
617	69	1
896	70	1
617	71	1
924	72	1
907	72	1
1378	73	0
272	74	1
406	74	0
272	75	1
281	75	1
323	75	1
333	75	1
334	75	1
335	75	1
336	75	1
337	75	1
338	75	1
339	75	0
340	75	1
341	75	1
342	75	1
343	75	1
344	75	1
345	75	1
346	75	1
347	75	1
397	75	0
406	75	0
408	75	0
410	75	0
438	75	1
423	75	0
272	76	1
406	76	0
406	77	0
406	78	0
410	78	0
406	79	0
3	80	1
90	80	1
123	80	1
204	80	1
959	81	0
3	82	1
88	82	0
90	82	1
89	82	0
123	82	1
204	82	1
272	83	1
3	83	0
45	83	1
48	83	1
79	83	1
86	83	1
87	83	1
123	83	1
204	83	0
406	83	0
272	84	1
3	84	0
45	84	1
48	84	1
79	84	1
86	84	1
87	84	1
123	84	1
204	84	0
272	85	1
3	85	0
21	85	1
22	85	1
23	85	1
24	85	1
25	85	1
26	85	1
27	85	1
28	85	1
29	85	1
4	85	1
5	85	1
6	85	1
7	85	1
8	85	1
9	85	1
10	85	1
11	85	1
12	85	1
13	85	1
14	85	1
15	85	1
16	85	1
17	85	1
18	85	1
19	85	1
20	85	1
30	85	1
31	85	1
32	85	1
33	85	1
34	85	0
35	85	0
36	85	0
37	85	0
38	85	1
39	85	0
40	85	1
41	85	1
42	85	1
43	85	1
44	85	0
45	85	1
46	85	1
47	85	1
48	85	1
49	85	1
50	85	1
51	85	1
52	85	1
53	85	0
54	85	1
55	85	1
56	85	1
57	85	1
58	85	1
59	85	1
60	85	1
61	85	1
62	85	1
63	85	1
64	85	1
65	85	1
66	85	1
67	85	0
68	85	1
69	85	1
70	85	1
71	85	1
72	85	1
73	85	1
74	85	1
75	85	1
76	85	1
77	85	1
78	85	1
79	85	1
80	85	1
81	85	1
82	85	1
83	85	1
84	85	1
85	85	1
86	85	1
87	85	1
93	85	0
88	85	1
89	85	1
90	85	1
91	85	1
94	85	1
92	85	1
95	85	1
96	85	1
97	85	1
98	85	1
99	85	1
100	85	1
101	85	1
104	85	1
105	85	1
106	85	1
107	85	1
108	85	1
109	85	1
110	85	1
111	85	1
112	85	1
113	85	1
114	85	1
115	85	1
116	85	1
117	85	1
118	85	1
119	85	1
120	85	1
121	85	1
122	85	1
123	85	1
133	85	1
134	85	1
135	85	1
136	85	1
137	85	1
138	85	1
139	85	1
140	85	1
141	85	1
142	85	1
143	85	1
144	85	1
145	85	1
146	85	1
147	85	1
148	85	1
149	85	1
150	85	1
151	85	1
152	85	1
153	85	1
154	85	1
155	85	1
156	85	1
157	85	1
158	85	1
159	85	1
160	85	1
161	85	1
162	85	1
163	85	1
164	85	1
165	85	1
166	85	1
167	85	1
168	85	1
169	85	1
170	85	1
171	85	1
172	85	1
173	85	1
174	85	1
175	85	1
176	85	1
177	85	1
178	85	1
179	85	1
180	85	1
181	85	1
182	85	1
183	85	1
184	85	1
204	85	0
205	85	0
206	85	1
207	85	1
208	85	1
209	85	1
210	85	1
211	85	1
212	85	1
213	85	1
214	85	1
215	85	1
216	85	1
217	85	1
218	85	1
219	85	1
220	85	1
221	85	1
222	85	1
223	85	1
224	85	1
406	85	0
225	85	1
226	85	1
227	85	1
228	85	1
229	85	1
231	85	1
232	85	1
233	85	1
234	85	1
235	85	1
236	85	1
237	85	1
238	85	1
239	85	1
240	85	1
241	85	1
243	85	1
244	85	1
245	85	1
246	85	1
3	86	1
45	86	1
48	86	1
79	86	1
86	86	1
87	86	1
123	86	1
204	86	0
406	86	0
3	87	0
88	87	0
90	87	1
89	87	0
91	87	1
123	87	1
204	87	1
3	88	0
88	88	1
90	88	1
89	88	0
123	88	1
204	88	1
406	89	0
3	90	1
272	91	1
1339	91	0
406	91	0
406	92	0
590	93	0
528	94	0
285	94	1
734	94	1
926	94	1
908	94	1
943	94	1
596	94	0
653	94	1
936	94	0
590	94	1
585	94	0
904	94	0
946	94	0
610	94	1
601	94	1
592	94	1
905	94	1
904	95	1
590	96	0
590	97	0
947	98	1
1715	99	1
584	99	1
1378	99	1
1016	99	1
406	100	0
272	101	1
406	101	0
406	102	0
1156	103	1
406	103	0
272	104	1
406	104	0
272	105	1
406	105	0
272	106	1
406	106	0
272	107	1
406	107	0
272	108	1
406	108	0
406	109	0
1715	110	1
584	111	0
948	112	1
610	112	1
947	113	1
918	113	1
947	114	1
918	114	1
272	115	1
406	115	0
272	116	1
406	116	0
406	117	0
947	118	0
272	118	1
406	118	0
406	119	0
406	120	0
406	121	0
406	122	0
318	123	0
311	123	0
331	123	0
947	123	1
918	123	1
272	123	1
959	123	1
652	123	1
406	123	0
406	124	0
406	125	0
947	126	1
918	126	1
272	126	1
406	126	0
406	127	0
406	128	0
406	129	0
285	130	0
406	130	0
3	131	1
90	131	1
123	131	1
134	131	1
135	131	1
136	131	1
137	131	1
138	131	1
139	131	1
140	131	1
141	131	1
142	131	1
143	131	1
144	131	1
145	131	1
146	131	0
147	131	1
148	131	1
149	131	1
150	131	1
151	131	1
152	131	1
153	131	1
154	131	1
155	131	1
156	131	1
157	131	0
158	131	0
159	131	0
160	131	0
161	131	0
162	131	0
163	131	0
164	131	0
165	131	1
166	131	1
167	131	0
168	131	1
169	131	1
170	131	0
171	131	0
172	131	0
173	131	0
174	131	0
175	131	0
176	131	0
177	131	0
178	131	0
179	131	0
180	131	0
181	131	0
182	131	0
183	131	0
184	131	0
1068	132	1
922	133	1
285	134	0
406	134	0
285	135	0
406	135	0
1715	136	0
584	136	0
1378	136	1
605	136	0
582	136	0
612	137	1
592	137	1
803	137	1
581	137	1
924	137	1
905	137	1
1715	137	1
898	137	1
596	137	1
945	137	0
930	137	0
602	137	1
1339	137	0
907	137	1
938	137	1
610	137	1
914	137	1
581	138	1
924	138	1
803	138	0
898	138	1
596	138	1
945	138	0
930	138	0
602	138	1
1339	138	0
907	138	1
938	138	1
581	139	0
924	139	1
803	139	0
905	139	1
612	139	1
945	139	0
930	139	0
587	139	1
907	139	1
938	139	0
406	140	0
1715	141	1
397	142	0
406	142	0
438	142	0
423	142	0
272	143	1
406	143	0
272	144	1
406	144	0
406	145	0
397	146	1
406	146	0
602	147	1
406	148	0
423	148	0
924	149	1
1715	150	1
272	151	1
406	151	0
3	152	1
1101	152	1
90	152	1
123	152	1
204	152	1
652	153	0
285	153	0
406	153	0
408	153	0
272	154	1
406	154	0
285	155	0
272	155	1
406	155	0
406	156	0
272	157	1
406	157	0
272	158	1
406	158	0
272	159	1
406	159	0
272	160	1
406	160	0
272	161	1
406	161	0
408	161	1
272	162	1
406	162	0
408	162	1
410	162	1
1339	163	0
918	163	0
947	163	0
468	163	1
959	164	1
890	164	1
285	164	1
948	164	0
652	164	1
1715	164	0
584	164	1
1378	164	1
605	164	0
272	165	1
406	165	0
947	166	1
947	167	1
617	168	1
947	169	1
598	169	1
596	169	1
583	170	1
583	171	0
583	172	0
1693	172	1
635	173	1
458	173	1
679	173	1
1018	173	0
1156	173	1
1378	173	1
507	173	1
947	173	1
918	173	1
881	173	1
946	173	0
904	173	0
610	173	1
617	173	1
597	173	1
3	173	1
528	173	1
907	173	1
897	173	1
599	173	1
585	173	1
900	173	1
612	173	1
581	173	1
583	173	1
951	173	1
596	173	1
938	173	1
608	173	1
590	173	1
1100	173	1
1161	173	0
1021	173	0
438	173	1
635	174	0
1018	174	0
918	174	0
947	174	0
638	174	1
454	174	1
617	174	1
905	174	1
604	174	1
1161	174	0
1021	174	0
1160	174	1
941	174	1
583	175	1
583	176	1
583	177	1
583	178	0
458	179	1
679	179	1
1018	179	1
1100	179	1
679	180	1
1156	180	1
597	180	1
1018	180	1
1100	180	1
438	180	1
679	181	1
1378	181	1
507	181	1
938	181	0
596	181	0
952	181	1
602	181	0
951	181	0
900	181	0
927	181	1
890	181	1
617	181	1
597	181	1
1092	181	1
3	181	1
581	181	1
947	181	1
583	181	1
585	181	1
612	181	1
528	181	1
907	181	1
897	181	1
599	181	1
608	181	1
904	181	1
590	181	1
1100	181	1
905	181	0
610	181	1
1018	181	1
606	181	1
1161	181	1
438	181	1
679	182	1
1092	182	1
528	182	1
599	182	1
612	182	1
581	182	1
907	182	1
951	182	1
897	182	1
900	182	1
583	182	1
585	182	1
947	182	1
596	182	0
1100	182	1
610	182	1
733	183	1
679	183	1
1156	183	1
1378	183	1
507	183	1
938	183	1
928	183	1
596	183	0
952	183	0
602	183	0
890	183	1
617	183	1
597	183	0
3	183	1
951	183	1
947	183	1
583	183	1
585	183	0
528	183	1
907	183	1
897	183	1
599	183	1
900	183	1
612	183	1
581	183	1
608	183	1
904	183	1
590	183	1
1100	183	1
610	183	1
1018	183	1
1161	183	1
438	183	1
733	184	1
616	184	0
601	184	0
614	184	1
613	184	1
608	184	1
610	184	1
1339	184	1
679	184	1
1156	184	1
1378	184	1
507	184	1
938	184	1
914	184	0
905	184	0
930	184	0
881	184	1
602	184	0
951	184	1
922	184	1
597	184	1
590	184	0
1092	184	1
3	184	1
947	184	1
583	184	1
907	184	1
585	184	1
596	184	0
528	184	1
897	184	1
599	184	1
612	184	1
581	184	1
900	184	0
904	184	1
1100	184	1
1018	184	1
1693	184	0
1161	184	1
438	184	1
679	185	1
592	186	1
602	186	0
599	186	1
953	186	1
603	186	1
610	186	1
881	186	1
606	186	1
951	186	1
589	186	1
905	186	1
604	186	1
653	186	1
600	186	1
588	186	1
528	186	1
938	186	1
608	186	1
612	186	1
904	186	1
590	186	1
585	186	1
733	187	0
904	187	1
597	187	0
581	187	1
582	187	1
583	187	0
584	187	1
528	187	1
585	187	0
586	187	1
587	187	0
588	187	1
589	187	1
953	187	1
590	187	0
591	187	1
592	187	0
593	187	1
594	187	1
595	187	1
596	187	0
598	187	0
599	187	1
600	187	1
601	187	1
602	187	0
603	187	1
507	187	1
604	187	1
605	187	1
679	187	1
1156	187	1
653	187	1
606	187	1
1378	187	1
938	187	0
929	187	1
732	187	0
890	187	1
617	187	0
942	187	0
1068	187	1
1092	187	1
3	187	1
612	187	1
947	187	1
907	187	1
897	187	1
900	187	1
951	187	1
608	187	1
1100	187	1
610	187	1
1693	187	0
1018	187	1
468	187	1
1161	187	1
905	187	1
1690	187	1
1653	187	1
1694	187	0
1695	187	0
1696	187	0
1697	187	1
1698	187	1
1699	187	1
1700	187	1
1701	187	1
1702	187	1
1703	187	1
1704	187	0
1705	187	1
1706	187	1
1707	187	1
1708	187	1
1709	187	0
1710	187	1
1711	187	1
1712	187	0
1713	187	1
1714	187	1
412	187	1
413	187	1
414	187	0
415	187	1
416	187	0
417	187	1
418	187	1
419	187	1
420	187	1
421	187	1
422	187	1
423	187	1
424	187	1
425	187	1
438	187	1
583	188	0
1693	188	0
583	189	1
583	190	0
598	191	1
1693	191	1
602	191	1
596	191	0
466	192	1
406	193	0
918	194	1
947	194	1
468	194	1
406	194	0
406	195	0
406	196	0
406	197	0
599	198	1
592	198	1
466	199	1
652	200	0
925	201	0
906	202	1
406	203	0
1715	204	1
1715	205	1
1101	206	0
959	207	1
890	207	0
285	207	1
948	207	0
652	207	1
1715	207	0
584	207	0
1378	207	1
605	207	0
929	208	1
581	209	1
924	209	1
803	209	1
898	209	0
612	209	0
596	209	1
941	209	1
587	209	1
602	209	1
907	209	1
592	209	1
610	209	1
612	210	0
803	210	0
581	210	1
924	210	1
898	210	0
596	210	1
941	210	0
602	210	1
907	210	1
592	210	1
804	210	0
610	210	1
612	211	0
581	211	0
924	211	1
803	211	0
898	211	0
596	211	1
945	211	1
941	211	0
602	211	1
922	211	1
528	211	0
907	211	1
595	211	1
592	211	1
612	212	0
581	212	1
924	212	1
803	212	1
898	212	1
596	212	1
602	212	1
907	212	1
1157	213	1
406	214	0
406	215	0
406	216	0
599	217	1
592	217	1
581	218	1
1715	219	1
584	219	1
1378	219	1
272	220	1
406	220	0
406	221	0
406	222	0
272	223	1
406	223	0
947	224	1
947	225	1
951	226	1
606	226	1
1156	227	1
3	227	1
1101	227	1
406	228	0
272	229	1
406	229	0
272	230	1
406	230	0
406	231	0
406	232	0
406	233	0
272	234	1
406	234	0
285	235	1
272	235	1
406	235	0
272	236	1
960	237	0
285	237	1
947	237	1
959	238	1
581	238	1
924	238	1
803	238	1
1715	238	1
898	238	1
596	238	1
948	238	1
1339	238	1
602	238	1
907	238	1
959	239	0
959	240	1
406	240	0
924	241	1
907	241	1
924	242	1
907	242	1
924	243	1
907	243	1
924	244	1
907	244	1
924	245	1
907	245	1
924	246	1
907	246	1
960	247	1
952	247	1
1018	247	1
732	247	1
652	247	0
596	247	0
587	247	1
904	247	1
602	247	0
733	247	1
583	247	1
605	247	1
907	247	0
597	247	0
595	247	1
924	248	1
907	248	1
907	249	0
651	249	0
927	249	1
907	250	0
651	250	1
927	250	1
907	251	0
907	252	0
582	253	0
1156	253	1
617	253	0
1016	253	0
959	253	0
948	253	1
584	253	1
594	253	1
1715	253	0
458	253	1
446	253	1
468	254	1
924	255	1
272	256	1
406	256	0
272	257	1
406	257	0
285	258	1
272	258	1
1016	258	1
948	258	1
406	258	0
406	259	0
406	260	0
406	261	0
272	262	1
406	262	0
890	263	0
507	264	0
285	265	0
959	265	0
406	265	0
652	266	1
285	266	0
468	266	1
947	266	0
918	266	0
406	266	0
285	267	0
406	267	0
480	268	0
503	268	1
515	268	1
489	268	0
522	268	1
511	268	1
506	268	1
517	268	1
509	268	1
482	268	1
486	268	1
507	268	1
518	268	1
488	268	1
510	268	0
512	268	1
469	268	1
494	268	0
500	268	1
474	268	0
499	268	1
505	268	1
491	268	1
493	268	1
471	268	1
481	268	1
502	268	1
470	268	1
495	268	1
504	268	1
501	268	1
519	268	0
477	268	1
523	268	1
485	268	1
479	268	1
492	268	1
526	268	1
497	268	1
496	268	1
527	268	1
484	268	1
513	268	1
525	268	1
521	268	1
272	269	1
406	269	0
960	270	1
1304	270	1
948	270	1
594	271	0
915	271	1
951	271	1
606	271	1
594	272	0
915	272	1
951	272	1
606	272	1
581	273	1
924	273	0
803	273	0
1715	273	1
898	273	1
596	273	1
948	273	1
587	273	1
1339	273	1
598	273	1
602	273	1
907	273	1
592	273	1
272	273	1
406	273	0
272	274	1
281	274	1
323	274	1
333	274	1
334	274	1
335	274	1
336	274	1
337	274	1
338	274	1
339	274	1
340	274	1
341	274	1
342	274	1
343	274	1
344	274	1
345	274	1
346	274	1
347	274	1
959	274	0
397	274	1
406	274	0
407	274	0
438	274	0
423	274	0
1158	275	1
1158	276	1
468	277	1
947	277	1
918	277	1
960	278	1
918	279	1
947	279	1
468	279	1
930	280	1
406	280	0
406	281	0
930	282	1
285	282	0
406	282	0
468	283	1
406	283	0
602	284	1
318	285	0
311	285	0
331	285	0
272	285	1
406	285	0
422	285	1
318	286	0
272	286	1
947	286	1
918	286	1
1068	286	0
406	286	0
947	287	1
904	287	1
606	288	1
272	289	1
406	289	0
285	290	0
406	290	0
652	291	1
929	291	1
896	291	1
584	291	0
959	291	1
582	291	0
929	292	1
896	292	1
582	292	0
959	293	1
582	293	0
959	294	1
285	295	1
1101	295	1
272	295	1
947	295	0
959	295	1
406	295	0
947	296	1
406	297	0
406	298	0
406	299	0
406	300	0
1509	301	1
896	302	0
897	302	0
929	302	0
923	303	0
592	304	0
900	304	0
581	304	0
803	304	0
898	304	0
612	304	1
596	304	1
945	304	0
950	304	1
804	304	0
588	305	0
581	305	1
924	305	1
803	305	1
652	305	1
898	305	1
612	305	1
596	305	1
945	305	1
602	305	1
583	305	1
922	305	1
528	305	1
907	305	1
1068	306	0
1156	307	1
947	308	1
451	309	1
450	309	1
468	309	1
1156	309	1
1101	310	1
948	310	1
604	310	1
1101	311	1
948	311	1
604	311	1
803	312	0
612	312	1
610	312	1
613	313	0
612	313	1
581	313	1
924	313	1
803	313	1
1715	313	1
898	313	1
941	313	1
596	313	1
602	313	1
583	313	1
612	314	0
581	314	0
924	314	1
803	314	0
652	314	1
905	314	0
898	314	0
941	314	0
596	314	1
945	314	0
881	314	0
610	314	1
602	314	1
528	314	0
907	314	1
614	314	1
938	314	1
592	314	0
804	314	1
581	315	0
924	315	0
803	315	0
898	315	0
612	315	1
941	315	0
596	315	1
945	315	0
881	315	0
610	315	0
602	315	1
922	315	1
900	315	0
528	315	0
907	315	1
613	315	0
614	315	0
938	315	1
592	315	0
612	316	1
581	316	0
924	316	0
803	316	0
905	316	0
898	316	0
941	316	0
596	316	1
945	316	0
881	316	0
610	316	1
904	316	1
1339	316	1
602	316	1
528	316	0
907	316	0
614	316	1
938	316	1
592	316	1
804	316	1
581	317	1
924	317	1
926	317	1
803	317	1
905	317	1
898	317	0
941	317	1
596	317	1
945	317	1
881	317	1
610	317	1
602	317	1
907	317	1
614	317	0
592	317	1
406	318	0
896	319	0
1509	320	1
602	321	1
583	321	1
915	322	1
602	322	1
951	322	1
596	322	1
904	322	1
1378	323	0
959	323	1
947	323	0
406	323	0
924	324	1
907	324	1
583	325	1
947	326	1
1381	326	1
468	326	1
960	327	1
952	327	1
1018	327	1
732	327	1
652	327	0
596	327	0
587	327	1
904	327	1
602	327	0
733	327	1
583	327	1
605	327	1
907	327	0
597	327	0
595	327	1
583	328	1
581	329	1
596	329	1
602	329	1
907	329	1
930	329	0
1156	330	1
451	331	1
450	331	1
468	331	1
1156	331	1
925	330	0
1016	330	1
925	332	0
1018	332	1
1068	332	1
583	333	1
1018	333	1
617	333	0
602	333	0
596	333	0
947	333	0
1693	333	1
960	334	1
952	334	1
1018	334	1
732	334	1
652	334	0
596	334	0
587	334	1
904	334	1
602	334	0
733	334	1
583	334	1
605	334	1
907	334	0
597	334	0
595	334	1
583	335	0
1693	335	0
581	336	1
596	336	1
602	336	1
907	336	1
930	336	0
924	337	1
907	337	1
925	338	0
1018	338	1
1068	338	1
1156	339	1
947	340	1
1381	340	1
468	340	1
583	341	1
1715	342	0
1715	343	0
584	343	1
1378	343	0
605	343	0
1156	344	0
941	344	1
1101	344	1
617	344	1
918	344	1
947	344	1
1715	345	0
584	345	1
1378	345	0
605	345	0
594	345	0
924	346	1
907	346	1
451	347	1
450	347	1
468	347	1
1156	347	1
1715	348	0
584	348	1
1378	348	0
605	348	0
925	349	0
1018	349	1
1068	349	1
451	350	1
450	350	1
468	350	1
1156	350	1
1715	348	0
584	348	1
1378	348	0
605	348	0
1715	351	0
584	351	1
1378	351	1
605	351	0
1156	352	1
947	353	1
1381	353	1
468	353	1
583	354	1
1156	355	1
947	356	1
1381	356	1
468	356	1
583	357	1
924	358	1
907	358	1
583	359	1
1715	360	0
584	360	1
1378	360	1
605	360	0
1156	361	0
941	361	1
1101	361	1
617	361	1
918	361	1
947	361	1
1715	362	0
584	362	1
1378	362	0
605	362	0
594	362	0
1156	363	1
924	364	1
907	364	1
581	365	1
596	365	1
602	365	1
907	365	1
930	365	0
1156	366	0
941	366	1
1101	366	1
617	366	1
918	366	1
947	366	1
948	367	0
406	368	0
407	368	0
507	369	0
272	370	1
285	371	1
959	371	1
1378	371	0
406	371	0
406	372	0
947	373	1
918	373	1
272	374	1
406	374	0
906	375	0
272	376	1
406	376	0
272	377	1
959	378	1
272	378	1
406	378	0
406	379	0
1156	380	1
3	381	0
93	381	1
3	382	1
1101	382	1
91	382	1
90	382	1
1156	383	1
1101	383	1
904	384	1
653	384	1
734	385	1
789	385	1
587	385	1
285	385	1
802	386	0
528	386	0
900	386	0
590	386	1
581	386	0
612	386	0
592	386	0
599	386	0
653	386	1
904	386	1
941	386	1
905	386	1
924	386	1
583	386	1
911	386	1
952	386	1
601	386	0
604	386	1
881	386	0
946	386	1
950	386	1
803	386	1
954	386	1
593	386	1
1378	386	1
804	386	0
907	386	1
1068	386	1
960	386	1
596	386	1
729	386	1
914	386	0
898	386	1
930	386	1
1339	386	1
899	386	1
938	386	1
598	386	1
285	386	0
610	386	1
734	386	1
789	386	1
587	386	1
922	386	0
959	386	1
438	386	1
1156	387	0
926	387	0
904	387	1
596	388	0
617	389	1
1561	389	1
1529	389	1
1522	389	1
1510	389	1
1528	389	1
1527	389	1
1525	389	1
1526	389	1
1519	389	1
947	389	1
468	389	1
1515	389	1
959	389	1
468	390	1
468	391	1
924	392	1
652	393	0
285	393	0
406	393	0
924	394	1
907	394	1
1156	395	1
960	396	1
952	396	1
1018	396	1
732	396	1
652	396	0
596	396	0
587	396	1
904	396	1
602	396	0
733	396	1
583	396	1
605	396	1
907	396	0
597	396	0
595	396	1
581	397	1
596	397	1
602	397	1
907	397	1
930	397	0
925	398	0
1016	398	1
925	399	0
1018	399	1
1068	399	1
924	400	1
907	400	1
924	401	1
907	401	1
924	402	1
907	402	1
960	403	1
952	403	1
1018	403	1
732	403	1
652	403	0
596	403	0
587	403	1
904	403	1
602	403	0
733	403	1
583	403	1
605	403	1
907	403	0
597	403	0
595	403	1
581	404	1
596	404	1
602	404	1
907	404	1
930	404	0
925	405	0
1016	405	1
581	406	1
596	406	1
602	406	1
907	406	1
930	406	0
924	407	1
907	407	1
960	408	1
952	408	1
1018	408	1
732	408	1
652	408	0
596	408	0
587	408	1
904	408	1
602	408	0
733	408	1
583	408	1
605	408	1
907	408	0
597	408	0
595	408	1
581	409	1
596	409	1
602	409	1
907	409	1
930	409	0
925	410	0
1016	410	1
925	411	0
1018	411	1
1068	411	1
924	412	1
907	412	1
924	413	1
907	413	1
924	414	1
907	414	1
960	415	1
952	415	1
1018	415	1
732	415	1
652	415	0
596	415	0
587	415	1
904	415	1
602	415	0
733	415	1
583	415	1
605	415	1
907	415	0
597	415	0
595	415	1
581	416	1
596	416	1
602	416	1
907	416	1
930	416	0
925	417	0
1018	417	1
1068	417	1
924	418	1
907	418	1
960	419	1
952	419	1
1018	419	1
732	419	1
652	419	0
596	419	0
587	419	1
904	419	1
602	419	0
733	419	1
583	419	1
605	419	1
907	419	0
597	419	0
595	419	1
581	420	1
596	420	1
602	420	1
907	420	1
930	420	0
925	421	0
1016	421	1
924	422	1
907	422	1
924	423	1
907	423	1
960	424	1
952	424	1
1018	424	1
732	424	1
652	424	0
596	424	0
587	424	1
904	424	1
602	424	0
733	424	1
583	424	1
605	424	1
907	424	0
597	424	0
595	424	1
581	425	1
596	425	1
602	425	1
907	425	1
930	425	0
960	426	1
952	426	1
1018	426	1
732	426	1
652	426	0
596	426	0
587	426	1
904	426	1
602	426	0
733	426	1
583	426	1
605	426	1
907	426	0
597	426	0
595	426	1
924	427	1
907	427	1
960	428	1
952	428	1
1018	428	1
732	428	1
652	428	0
596	428	0
587	428	1
904	428	1
602	428	0
733	428	1
583	428	1
605	428	1
907	428	0
597	428	0
595	428	1
581	429	1
596	429	1
602	429	1
907	429	1
930	429	0
924	430	1
907	430	1
924	431	1
907	431	1
924	432	1
907	432	1
924	433	1
907	433	1
924	434	1
907	434	1
924	435	1
907	435	1
924	436	1
907	436	1
581	437	1
596	437	1
602	437	1
907	437	1
930	437	0
924	438	1
907	438	1
1156	439	1
960	440	1
952	440	1
1018	440	1
732	440	1
652	440	0
596	440	0
587	440	1
904	440	1
602	440	0
733	440	1
583	440	1
605	440	1
907	440	0
597	440	0
595	440	1
581	441	1
596	441	1
602	441	1
907	441	1
930	441	0
925	442	0
1016	442	1
925	443	0
1018	443	1
1068	443	1
924	444	1
907	444	1
1156	445	1
960	446	1
952	446	1
1018	446	1
732	446	1
652	446	0
596	446	0
587	446	1
904	446	1
602	446	0
733	446	1
583	446	1
605	446	1
907	446	0
597	446	0
595	446	1
581	447	1
596	447	1
602	447	1
907	447	1
930	447	0
925	448	0
1016	448	1
925	449	0
1018	449	1
1068	449	1
924	450	1
907	450	1
960	451	1
952	451	1
1018	451	1
732	451	1
652	451	0
596	451	0
587	451	1
904	451	1
602	451	0
733	451	1
583	451	1
605	451	1
907	451	0
597	451	0
595	451	1
581	452	1
596	452	1
602	452	1
907	452	1
930	452	0
924	453	1
907	453	1
924	454	1
907	454	1
960	455	1
952	455	1
1018	455	1
732	455	1
652	455	0
596	455	0
587	455	1
904	455	1
602	455	0
733	455	1
583	455	1
605	455	1
907	455	0
597	455	0
595	455	1
581	456	1
596	456	1
602	456	1
907	456	1
930	456	0
918	457	1
947	457	1
406	458	0
438	458	0
617	459	1
947	459	1
918	459	0
652	459	0
581	459	1
1715	459	1
587	459	1
907	459	1
285	459	0
272	459	1
406	459	0
272	460	1
406	460	0
272	461	1
406	461	0
1378	462	1
1715	463	0
948	463	0
959	463	1
890	463	1
285	463	1
652	463	1
584	463	1
1378	463	1
605	463	0
947	464	1
890	465	1
910	465	1
896	465	1
897	465	1
597	465	1
960	465	1
959	465	1
1715	465	1
507	465	1
731	465	1
594	465	1
911	465	1
1092	465	1
1091	465	0
605	465	1
948	465	0
528	465	1
929	465	0
1100	465	1
1238	465	0
1239	465	0
1240	465	1
438	465	1
617	466	1
583	467	1
406	468	0
652	469	0
272	469	1
406	469	0
899	470	1
918	471	1
947	471	1
617	471	0
913	471	1
1068	471	1
918	472	1
947	472	1
913	472	0
1068	472	1
617	472	1
272	473	1
947	473	1
406	473	0
272	474	1
406	474	0
272	475	1
406	476	0
406	477	0
272	478	1
406	479	0
406	480	0
406	481	0
272	482	1
406	482	0
272	483	1
272	484	1
406	485	0
406	486	0
272	487	1
406	487	0
272	488	1
272	489	1
406	489	0
406	490	0
406	491	0
406	492	0
587	493	1
272	493	1
406	493	0
406	494	0
406	495	0
272	496	1
1101	497	0
406	497	0
1101	498	1
406	499	0
272	500	1
406	500	0
406	501	0
408	501	1
410	501	1
409	501	1
406	502	0
406	503	0
406	504	0
581	505	1
924	505	1
602	505	1
907	505	1
581	506	1
924	506	1
602	506	1
907	506	1
581	507	1
924	507	1
898	507	1
948	507	1
602	507	1
907	507	1
938	507	1
606	508	1
602	509	1
585	509	1
583	509	1
596	509	1
585	510	0
596	510	0
272	511	1
406	511	0
922	512	1
948	513	1
406	513	0
285	514	1
1101	514	1
272	514	1
947	514	0
959	514	1
406	514	0
947	515	1
947	516	1
1715	517	0
935	517	0
1016	517	0
584	517	1
1156	517	1
582	517	0
959	517	1
948	517	0
960	517	1
1378	517	0
605	517	0
581	517	1
1715	518	0
935	518	0
1016	518	0
584	518	1
1156	518	1
582	518	0
959	518	1
948	518	0
960	518	1
1378	518	0
605	518	0
581	518	1
406	519	0
918	520	0
397	520	0
438	520	0
423	520	0
918	521	0
397	521	0
410	521	1
409	521	0
422	521	0
406	522	0
604	523	0
1101	524	1
1715	525	1
1101	525	1
947	525	1
918	525	1
947	526	1
918	526	1
1101	527	1
947	528	1
930	528	0
593	529	0
586	530	0
593	530	0
950	530	0
272	531	1
406	531	0
272	532	1
406	532	0
1715	533	0
587	533	0
732	533	0
733	533	0
595	533	0
729	533	1
597	533	0
731	533	0
734	533	0
730	533	0
584	533	1
890	534	0
285	534	1
272	534	1
406	535	0
605	536	0
948	536	0
1016	536	0
1715	536	0
1339	537	0
617	538	1
617	539	1
406	540	0
406	541	0
406	542	0
406	543	0
406	544	0
272	545	1
584	546	1
584	547	0
406	548	0
406	549	0
285	550	1
272	550	1
947	550	1
406	550	0
406	551	0
406	552	0
272	553	1
406	553	0
272	554	1
406	554	0
790	555	1
918	556	1
468	556	1
947	556	1
790	556	1
790	557	1
790	558	1
1156	559	1
924	560	1
907	560	1
960	561	1
952	561	1
1018	561	1
732	561	1
652	561	0
596	561	0
587	561	1
904	561	1
602	561	0
733	561	1
583	561	1
605	561	1
907	561	0
597	561	0
595	561	1
924	562	1
907	562	1
918	563	1
925	564	0
1018	564	1
1068	564	1
924	565	1
907	565	1
960	566	1
952	566	1
1018	566	1
732	566	1
652	566	0
596	566	0
587	566	1
904	566	1
602	566	0
733	566	1
583	566	1
605	566	1
907	566	0
597	566	0
595	566	1
924	567	1
907	567	1
960	568	1
952	568	1
1018	568	1
732	568	1
652	568	0
596	568	0
587	568	1
904	568	1
602	568	0
733	568	1
583	568	1
605	568	1
907	568	0
597	568	0
595	568	1
581	569	1
596	569	1
602	569	1
907	569	1
930	569	0
272	570	1
406	570	0
948	571	1
959	572	1
890	572	0
285	572	1
948	572	0
652	572	1
1715	572	0
584	572	1
1378	572	1
605	572	0
959	573	1
890	573	0
285	573	0
948	573	0
652	573	1
1715	573	0
584	573	1
1378	573	0
605	573	0
918	574	0
947	574	0
617	575	0
652	575	0
635	575	1
638	575	1
582	576	1
916	576	1
596	577	1
900	577	1
928	577	1
596	578	0
651	579	0
600	579	0
927	579	0
1378	580	0
406	581	0
947	582	1
406	582	0
408	582	0
410	582	0
406	583	0
410	583	0
617	584	1
635	585	1
638	585	1
406	586	0
406	587	0
930	588	1
617	589	1
272	590	1
285	590	0
406	590	0
406	591	0
406	592	0
584	593	1
1715	593	1
918	594	1
406	595	0
3	596	0
925	597	1
925	598	1
925	599	0
1018	599	1
1068	599	1
652	600	0
285	600	0
959	600	1
285	601	0
652	601	0
959	601	1
406	601	0
272	602	1
406	602	0
272	603	1
406	603	0
272	604	1
406	604	0
1101	605	0
651	606	0
600	606	1
927	606	1
907	606	0
468	606	1
924	607	1
924	608	1
406	609	0
406	610	0
272	611	1
951	612	0
272	613	1
272	614	1
272	615	1
272	616	1
285	617	1
272	617	1
617	617	0
318	617	1
406	617	0
285	618	1
272	618	0
617	618	0
318	618	1
406	618	0
285	619	1
272	619	0
318	619	1
406	619	0
947	620	1
272	621	1
947	622	0
582	622	1
318	622	0
406	622	0
406	623	0
406	624	0
1101	625	1
406	626	0
272	627	1
408	628	1
410	628	1
272	629	1
406	629	0
272	630	1
272	631	1
947	631	1
406	631	0
423	632	0
960	633	1
600	633	1
960	634	1
947	635	1
904	636	1
406	637	0
272	638	1
406	638	0
406	639	0
955	640	1
617	640	1
507	641	0
1238	641	0
1239	641	0
1240	641	0
507	642	0
507	643	0
507	644	0
907	644	1
507	645	1
959	646	1
890	646	0
285	646	1
948	646	0
652	646	1
1715	646	0
584	646	1
1378	646	1
605	646	0
468	647	1
1381	647	1
947	647	1
272	648	1
285	648	0
406	648	0
272	649	1
285	649	0
406	649	0
652	650	1
272	650	1
406	650	0
406	651	0
406	652	0
652	653	1
272	653	1
406	653	0
272	654	1
406	654	0
406	655	0
406	656	0
406	657	0
406	658	0
272	659	1
397	659	1
406	659	0
406	660	0
406	661	0
272	662	1
406	662	0
406	663	0
1018	664	1
285	664	1
453	664	1
899	664	1
406	665	0
406	666	0
422	666	0
423	666	0
397	667	0
406	667	0
408	668	1
406	669	0
900	670	1
596	670	1
960	671	0
960	672	0
617	672	1
1156	672	1
1158	672	1
638	672	0
907	672	1
967	672	0
966	672	1
965	672	1
272	673	1
406	673	0
272	674	1
406	674	0
1157	675	1
468	676	1
1339	677	1
1101	678	0
285	679	1
924	680	1
272	681	1
406	681	0
617	682	1
285	683	1
272	683	1
947	683	1
406	683	0
406	684	0
423	684	0
272	685	1
406	685	0
272	686	1
406	686	0
406	687	0
1715	688	1
406	689	0
406	690	0
423	690	0
586	691	0
593	691	0
594	692	1
597	693	1
960	693	1
959	693	0
1715	693	1
507	693	1
731	693	1
1016	693	1
285	694	0
272	694	1
406	694	0
406	695	0
272	696	1
406	696	0
272	697	1
406	697	0
406	698	0
406	699	0
406	700	0
406	701	0
1715	702	1
922	703	1
616	704	1
601	704	1
652	705	1
272	705	1
406	705	0
918	706	1
918	707	1
406	708	0
406	709	0
406	710	0
272	711	1
406	711	0
409	711	0
272	712	1
406	712	0
947	713	1
650	714	0
612	715	1
653	715	1
601	715	1
898	715	1
616	715	1
610	715	1
881	715	1
922	715	1
593	715	1
528	715	1
651	715	1
925	715	1
588	715	1
915	715	1
1339	715	1
652	715	1
733	715	1
597	715	1
941	715	1
285	715	1
596	715	1
959	715	1
583	715	1
1016	715	1
939	715	1
950	715	1
588	716	1
651	717	1
925	717	1
588	717	1
915	717	1
1339	717	1
652	717	1
733	717	1
597	717	1
804	717	1
599	717	1
941	717	1
1100	717	1
1016	717	1
651	718	1
588	719	1
588	720	1
925	721	0
884	722	1
906	722	0
947	723	1
1639	724	1
925	725	1
588	725	1
915	725	1
1339	725	0
652	725	0
733	725	1
597	725	1
804	725	1
599	725	1
601	725	1
927	725	1
600	725	1
604	725	1
960	725	1
603	725	1
581	725	1
941	725	1
925	726	1
588	726	1
915	726	1
1339	726	0
652	726	0
733	726	1
597	726	1
804	726	1
599	726	1
945	727	1
900	727	1
930	728	0
938	728	1
905	729	0
938	729	0
930	729	0
581	729	1
924	729	1
612	729	1
803	729	1
652	729	1
898	729	1
941	729	0
596	729	1
945	729	0
610	729	0
602	729	0
583	729	0
922	729	1
528	729	0
907	729	1
613	729	0
614	729	1
1068	729	1
397	729	1
890	730	1
910	730	1
896	730	1
897	730	1
597	730	1
960	730	1
959	730	1
1715	730	1
507	730	1
731	730	1
594	730	1
911	730	1
1092	730	1
1091	730	0
605	730	1
948	730	0
528	730	1
929	730	0
1100	730	1
1238	730	0
1239	730	0
1240	730	1
438	730	1
597	731	1
960	731	1
959	731	1
1715	731	1
507	731	1
731	731	0
594	731	1
911	731	1
1091	731	0
1092	731	0
605	731	1
948	731	0
1339	731	1
584	731	1
1100	731	1
1238	731	0
1240	731	1
1239	731	0
1016	731	1
438	731	1
597	732	1
960	732	1
959	732	0
1715	732	1
507	732	1
731	732	1
1016	732	1
581	733	1
924	733	0
803	733	0
1715	733	1
898	733	1
596	733	1
948	733	1
587	733	1
1339	733	1
598	733	1
602	733	1
907	733	1
592	733	1
272	733	1
406	733	0
3	734	1
90	734	1
204	735	1
468	736	1
918	736	1
947	736	1
947	737	1
596	738	1
946	738	1
602	738	1
907	738	1
610	738	1
581	739	1
596	739	1
602	739	1
907	739	1
930	739	0
924	740	1
652	741	1
947	741	1
285	741	0
272	741	1
1016	741	1
948	741	1
406	741	0
406	742	0
406	743	0
406	744	0
406	745	0
594	746	1
594	747	1
1156	747	1
272	748	1
281	748	1
323	748	1
333	748	1
334	748	1
335	748	1
336	748	1
337	748	1
338	748	1
339	748	1
340	748	1
341	748	1
342	748	1
343	748	1
344	748	1
345	748	1
346	748	1
347	748	1
406	748	0
408	748	0
410	748	0
409	749	0
408	749	1
410	749	1
272	750	1
409	750	0
406	751	0
406	752	0
272	753	1
406	753	0
406	754	0
406	755	0
406	756	0
406	757	0
406	758	0
406	759	0
272	760	1
406	760	0
406	761	0
652	762	1
947	762	1
918	762	1
272	762	1
406	762	0
581	763	1
924	763	1
1018	763	1
803	763	1
898	763	1
596	763	1
507	763	1
948	763	1
587	763	1
896	763	1
602	763	1
733	763	1
583	763	1
907	763	1
597	763	1
595	763	1
592	763	1
3	764	1
90	765	1
3	766	1
272	767	1
406	767	0
408	767	1
410	767	1
409	767	1
272	768	1
406	768	0
272	769	1
406	769	0
1339	770	1
3	771	1
960	772	1
952	772	1
1018	772	1
732	772	1
652	772	0
596	772	0
587	772	1
904	772	1
602	772	0
733	772	1
583	772	1
605	772	1
907	772	0
597	772	0
595	772	1
272	773	1
406	773	0
406	774	0
406	775	0
584	776	0
1715	776	1
272	777	1
406	777	0
272	778	1
406	778	0
406	779	0
924	780	0
924	781	0
406	782	0
455	783	1
941	784	1
1156	785	1
406	786	0
272	787	1
406	787	0
272	788	1
406	788	0
918	789	1
776	789	1
918	790	1
1715	791	1
584	791	1
650	791	1
584	792	1
1715	792	0
1339	792	1
947	792	0
1156	792	1
1304	792	0
584	793	0
1715	793	1
1715	794	1
454	795	1
455	795	1
406	796	0
584	797	0
924	798	1
907	798	1
960	799	1
952	799	1
1018	799	1
732	799	1
652	799	0
596	799	0
587	799	1
904	799	1
602	799	0
733	799	1
583	799	1
605	799	1
907	799	0
597	799	0
595	799	1
924	800	1
907	800	1
960	801	1
952	801	1
1018	801	1
732	801	1
652	801	0
596	801	0
587	801	1
904	801	1
602	801	0
733	801	1
583	801	1
605	801	1
907	801	0
597	801	0
595	801	1
581	802	1
596	802	1
602	802	1
907	802	1
930	802	0
924	803	1
907	803	1
960	804	1
952	804	1
1018	804	1
732	804	1
652	804	0
596	804	0
587	804	1
904	804	1
602	804	0
733	804	1
583	804	1
605	804	1
907	804	0
597	804	0
595	804	1
924	805	1
907	805	1
960	806	1
952	806	1
1018	806	1
732	806	1
652	806	0
596	806	0
587	806	1
904	806	1
602	806	0
733	806	1
583	806	1
605	806	1
907	806	0
597	806	0
595	806	1
924	807	1
907	807	1
924	808	1
907	808	1
960	809	1
952	809	1
1018	809	1
732	809	1
652	809	0
596	809	0
587	809	1
904	809	1
602	809	0
733	809	1
583	809	1
605	809	1
907	809	0
597	809	0
595	809	1
581	810	1
596	810	1
602	810	1
907	810	1
930	810	0
925	811	0
1016	811	1
924	812	1
907	812	1
960	813	1
952	813	1
1018	813	1
732	813	1
652	813	0
596	813	0
587	813	1
904	813	1
602	813	0
733	813	1
583	813	1
605	813	1
907	813	0
597	813	0
595	813	1
924	814	1
907	814	1
960	815	1
952	815	1
1018	815	1
732	815	1
652	815	0
596	815	0
587	815	1
904	815	1
602	815	0
733	815	1
583	815	1
605	815	1
907	815	0
597	815	0
595	815	1
581	816	1
596	816	1
602	816	1
907	816	1
930	816	0
925	817	0
1016	817	1
925	818	0
1018	818	1
1068	818	1
924	819	1
907	819	1
960	820	1
952	820	1
1018	820	1
732	820	1
652	820	0
596	820	0
587	820	1
904	820	1
602	820	0
733	820	1
583	820	1
605	820	1
907	820	0
597	820	0
595	820	1
924	821	1
907	821	1
924	822	1
907	822	1
960	823	1
952	823	1
1018	823	1
732	823	1
652	823	0
596	823	0
587	823	1
904	823	1
602	823	0
733	823	1
583	823	1
605	823	1
907	823	0
597	823	0
595	823	1
924	824	1
907	824	1
924	825	1
907	825	1
924	826	1
907	826	1
924	827	1
907	827	1
924	828	1
907	828	1
960	829	1
952	829	1
1018	829	1
732	829	1
652	829	0
596	829	0
587	829	1
904	829	1
602	829	0
733	829	1
583	829	1
605	829	1
907	829	0
597	829	0
595	829	1
924	830	1
907	830	1
581	831	1
596	831	1
602	831	1
907	831	1
930	831	0
925	832	0
1016	832	1
925	833	0
1018	833	1
1068	833	1
924	834	1
907	834	1
925	835	0
1016	835	1
925	836	0
1018	836	1
1068	836	1
925	837	0
1016	837	1
406	838	0
3	839	1
88	839	1
453	839	0
3	840	1
90	840	1
453	840	0
947	841	1
918	841	1
272	842	1
406	842	0
406	843	0
406	844	0
604	845	1
948	845	1
1101	845	1
918	846	1
1156	847	1
582	848	1
1016	849	1
582	850	0
1016	850	0
1013	851	0
1014	851	0
1015	851	0
948	851	0
1016	851	0
1024	851	0
1025	851	0
272	852	1
406	852	0
408	852	0
410	852	0
409	852	0
406	853	0
592	854	1
907	854	1
581	854	1
941	855	1
583	855	1
468	855	1
597	855	1
1100	855	1
731	855	0
1509	855	0
406	856	0
406	857	0
272	858	1
406	858	0
408	858	1
899	859	1
599	859	1
596	860	1
406	861	0
406	862	0
480	863	0
503	863	1
515	863	1
489	863	0
522	863	1
511	863	1
506	863	1
517	863	1
509	863	1
482	863	1
486	863	1
507	863	1
518	863	1
488	863	1
510	863	0
512	863	1
469	863	1
494	863	0
500	863	1
474	863	0
499	863	1
505	863	1
491	863	1
493	863	1
471	863	1
481	863	1
502	863	1
470	863	1
495	863	1
504	863	1
501	863	1
519	863	0
477	863	1
523	863	1
485	863	1
479	863	1
492	863	1
526	863	1
497	863	1
496	863	1
527	863	1
484	863	1
513	863	1
525	863	1
521	863	1
899	864	1
599	864	1
272	865	1
406	865	0
406	866	0
599	867	1
592	867	1
468	868	1
1382	868	1
947	868	1
918	868	1
1021	868	1
1018	868	1
1158	869	1
272	870	1
468	870	1
406	870	0
1304	871	0
729	872	1
